kie = 6.628643141212777
kie_G = 0.9544785756050214
H_delta_zpe = -11.22985599999999
D_delta_zpe = -6.543775999999971
H_barier = 223.95552870400002
H_barier_G = 6.322611570000038
D_barier_G = 6.207181287999964