kie = 5.66522362268541
kie_G = 0.9969780227845179
H_delta_zpe = 4.6944479999999995
D_delta_zpe = 8.991416000000005
H_barier = 87.53875676000017
H_barier_G = 22.06517917999999
D_barier_G = 22.05768067799996