kie = 12.508021670031601
kie_G = 1.0723098093193237
H_delta_zpe = -10.614807999999966
T_delta_zpe = -4.355543999999987
H_barier = 297.330746736
H_barier_G = 9.645500897999984
T_barier_G = 9.818472642000009