kie = 5.313091470977733
kie_G = 1.0143193834493058
H_delta_zpe = 9.957919999999982
D_delta_zpe = 14.095896
H_barier = 128.66151874399998
H_barier_G = 21.038645583999983
D_barier_G = 21.07387127999999