kie = 8.626554225840563
kie_G = 1.0306367166462287
H_delta_zpe = -22.70238399999995
D_delta_zpe = -17.363599999999966
H_barier = 277.179828696
H_barier_G = 9.513471835999983
D_barier_G = 9.58823698799999