kie = 7.651822759048517
kie_G = 1.0176102243726757
H_delta_zpe = -17.794552
D_delta_zpe = -12.752832000000009
H_barier = 170.40272613600004
H_barier_G = 12.31651128400005
D_barier_G = 12.359762161999955