kie = 6.707466974520251
kie_G = 1.0189834254463794
H_delta_zpe = -9.68177599999997
D_delta_zpe = -4.966408000000049
H_barier = 294.72610632000004
H_barier_G = 12.80123954999997
D_barier_G = 12.847831502000044