kie = 4.082578792843574
kie_G = 1.105707192350111
H_delta_zpe = -9.991392000000022
D_delta_zpe = -6.5061200000000285
H_barier = 97.12114602400003
H_barier_G = 8.749883229999993
D_barier_G = 8.998842358000024