kie = 6.040693797640678
kie_G = 1.135660492214229
H_delta_zpe = -15.146080000000019
D_delta_zpe = -10.690120000000029
H_barier = 122.75499523200004
H_barier_G = 10.654787813999981
D_barier_G = 10.969970681999985