kie = 5.449397845419889
kie_G = 1.034792341077857
H_delta_zpe = -19.06648799999995
D_delta_zpe = -14.86575199999999
H_barier = 110.330749488
H_barier_G = 11.621103911999992
D_barier_G = 11.705838782000006