kie = 11.51466472468295
kie_G = 0.9567549174518736
H_delta_zpe = -10.359583999999996
T_delta_zpe = -4.3053359999999845
H_barier = 238.82115936800008
H_barier_G = 9.375635917999986
T_barier_G = 9.266107378000015