kie = 5.259528390222396
kie_G = 1.0456264014457597
H_delta_zpe = -9.547887999999986
D_delta_zpe = -5.435016000000028
H_barier = 106.65751128799991
H_barier_G = 0.3992063019999623
D_barier_G = 0.5097459840000084