kie = 7.224849365406241
kie_G = 0.9711072456347819
H_delta_zpe = -10.669200000000048
D_delta_zpe = -5.76973600000008
H_barier = 162.34120413600004
H_barier_G = 10.347967872000037
D_barier_G = 10.275329503999995