kie = 8.525177942528263
kie_G = 0.9478542079588527
H_delta_zpe = -18.03304000000001
D_delta_zpe = -12.723543999999988
H_barier = 306.618599136
H_barier_G = 3.4542947340000247
D_barier_G = 3.32160941200002