kie = 6.237660078865312
kie_G = 0.9557857735206453
H_delta_zpe = -21.049704000000027
D_delta_zpe = -16.514248000000013
H_barier = 168.68135740799997
H_barier_G = 3.03822380399995
D_barier_G = 2.9261843379999917