kie = 7.874680721349438
kie_G = 0.9558714032426485
H_delta_zpe = -21.819560000000013
D_delta_zpe = -16.70671199999998
H_barier = 261.586039776
H_barier_G = 8.101937250000047
D_barier_G = 7.99011974200001