kie = 6.030501184106263
kie_G = 0.9990239625314222
H_delta_zpe = -8.677616000000052
D_delta_zpe = -4.2258399999999625
H_barier = 128.66784076800002
H_barier_G = 2.6825868959999934
D_barier_G = 2.6801675120000144