kie = 10.708150296902229
kie_G = 1.1831826025377081
H_delta_zpe = -15.438960000000021
T_delta_zpe = -9.564624000000006
H_barier = 337.25778427999995
H_barier_G = 10.591024839999983
T_barier_G = 11.007772094