kie = 14.536590191486965
kie_G = 0.7466557930974594
H_delta_zpe = -16.848968000000006
T_delta_zpe = -10.217327999999972
H_barier = 341.47650311200005
H_barier_G = 1.2794407340000034
T_barier_G = 0.5556156320000446