kie = 3.701659894368232
kie_G = 1.1658281085398794
H_delta_zpe = -10.250800000000012
D_delta_zpe = -7.008199999999988
H_barier = 115.42624644000001
H_barier_G = 7.538910896000016
D_barier_G = 7.9190488740000005