kie = 6.473763520243147
kie_G = 0.9994777992028832
H_delta_zpe = -8.547912000000027
D_delta_zpe = -3.920407999999931
H_barier = 158.62833090399997
H_barier_G = 5.435452132000006
D_barier_G = 5.434158003999939