kie = 1.6154362316362274
kie_G = 2.344113977452539
H_delta_zpe = -8.313607999999979
D_delta_zpe = -7.125352000000013
H_barier = 112.18895593600003
H_barier_G = -1.483054804000014
D_barier_G = 0.627607354000007