kie = 13.135834129014084
kie_G = 1.1832674436342496
H_delta_zpe = -14.225599999999964
T_delta_zpe = -7.845000000000001
H_barier = 299.38291505600006
H_barier_G = 6.71003069
T_barier_G = 7.126955593999999