kie = 7.968321683354357
kie_G = 0.9944143676823957
H_delta_zpe = -10.326111999999956
D_delta_zpe = -5.183975999999959
H_barier = 245.88020333600002
H_barier_G = -9.425344896000023
D_barier_G = -9.439222496000003