kie = 5.9495769814396064
kie_G = 0.9943361893805494
H_delta_zpe = -14.233968000000004
D_delta_zpe = -9.815664000000016
H_barier = 115.22299608800002
H_barier_G = 14.410480194000018
D_barier_G = 14.396407806000031