kie = 4.540876717850336
kie_G = 0.9825297435426857
H_delta_zpe = -9.702696000000012
D_delta_zpe = -5.953832000000008
H_barier = 107.42545101599998
H_barier_G = 6.061446423999951
D_barier_G = 6.017780053999959