kie = 2.326523416836872
kie_G = 1.060680367549884
H_delta_zpe = -1.8911679999999924
D_delta_zpe = 0.20083200000000762
H_barier = 95.37265242400002
H_barier_G = 9.910239944
D_barier_G = 10.05619509400001