kie = 8.297911811186404
kie_G = 1.1235968506249359
H_delta_zpe = -7.840815999999981
T_delta_zpe = -2.598264000000039
H_barier = 300.566129336
H_barier_G = 8.488153365999985
T_barier_G = 8.776877252000006