kie = 3.3676370715080113
kie_G = 1.1476094792688447
H_delta_zpe = -1.3514320000000017
D_delta_zpe = 1.6568640000000034
H_barier = 52.105042336000146
H_barier_G = 7.3995969299999995
D_barier_G = 7.740711681999979