kie = 3.9336838108642014
kie_G = 1.0956488591363747
H_delta_zpe = -5.7613679999999805
D_delta_zpe = -2.368143999999951
H_barier = 93.80815022399996
H_barier_G = 17.475254103999994
D_barier_G = 17.701572262000017