kie = 5.8499471108551395
kie_G = 0.9853484873964895
H_delta_zpe = -14.37204000000001
D_delta_zpe = -9.995576000000042
H_barier = 64.05020752800002
H_barier_G = 9.129421795999981
D_barier_G = 9.092853065999952