kie = 9.841101597398884
kie_G = 0.880735623487674
H_delta_zpe = -13.401352000000013
T_delta_zpe = -7.736216000000016
H_barier = 265.628884168
H_barier_G = 10.01903238600002
T_barier_G = 9.704386229999988